tpch:0.2301023006439209
tpcds:0.18637752532958984
job:0.18020892143249512
