tpch:0.23259425163269043
tpch:0.258864164352417
tpcds:0.24174094200134277
job:0.24774622917175293
