tpch:0.22428464889526367
tpch:0.005196571350097656
job:0.012128114700317383
